{
 "cells": [
  {
   "cell_type": "markdown",
   "metadata": {},
   "source": [
    "## Implementation of Infinite Latent Feature Models and the Indian Buffet Process"
   ]
  },
  {
   "cell_type": "code",
   "execution_count": 1,
   "metadata": {
    "collapsed": false,
    "scrolled": false
   },
   "outputs": [],
   "source": [
    "import numpy as np\n",
    "import scipy as sp\n",
    "import math\n",
    "import matplotlib.pyplot as plt\n",
    "from __future__ import division\n",
    "plt.style.use('ggplot')\n",
    "import Image\n",
    "import matplotlib.cm as cm\n",
    "%matplotlib inline\n",
    "%precision 4\n",
    "import time"
   ]
  },
  {
   "cell_type": "markdown",
   "metadata": {},
   "source": [
    "###### Simulate data"
   ]
  },
  {
   "cell_type": "code",
   "execution_count": 2,
   "metadata": {
    "collapsed": false,
    "scrolled": false
   },
   "outputs": [],
   "source": [
    "np.random.seed(1)\n",
    "\n",
    "N = 100 #number of objects\n",
    "K = 4 #true number of features\n",
    "D = 36 # dimension of feature\n",
    "\n",
    "\n",
    "sigmaX0 = .5;\n",
    "A = np.array((0, 1, 0, 0, 0, 0, 1, 1, 1, 0, 0, 0, 0, 1, 0, 0, 0, 0, 0, 0, 0, 0, 0, 0, 0, 0, 0, 0, 0, 0, 0, 0, 0, 0, 0, 0, \\\n",
    "             0, 0, 0, 1, 1, 1, 0, 0, 0, 1, 0, 1, 0, 0, 0, 1, 1, 1, 0, 0, 0, 0, 0, 0, 0, 0, 0, 0, 0, 0, 0, 0, 0, 0, 0, 0, \\\n",
    "             0, 0, 0, 0, 0, 0, 0, 0, 0, 0, 0, 0, 0, 0, 0, 0, 0, 0, 1, 0, 0, 0, 0, 0, 1, 1, 0, 0, 0, 0, 1, 1, 1, 0, 0, 0, \\\n",
    "             0, 0, 0, 0, 0, 0, 0, 0, 0, 0, 0, 0, 0, 0, 0, 0, 0, 0, 0, 0, 0, 1, 1, 1, 0, 0, 0, 0, 1, 0, 0, 0, 0, 0, 1, 0)).reshape(4, D)\n",
    "\n",
    "\n",
    "I = (sigmaX0)*np.identity(D)\n",
    "Z0 = np.zeros((N, K))\n",
    "X = np.zeros((N, D))\n",
    "for i in range(N):\n",
    "    Z0[i,:] = (np.random.uniform(0,1,K) > .5).astype(int)\n",
    "    while (np.sum(Z0[i,:]) == 0):\n",
    "        Z0[i,:] = (np.random.uniform(0,1,K) > .5).astype(int)\n",
    "    #X[i,:] = np.random.multivariate_normal(Z0[i,:].dot(A), I)\n",
    "    #X(i,:) = randn(1, object_dim)*I+Z_orig(i,:)*A;\n",
    "    X[i,:] = np.random.normal(0,1, (1,D)).dot(I)+Z0[i,:].dot(A)"
   ]
  },
  {
   "cell_type": "markdown",
   "metadata": {},
   "source": [
    "###### Set initial numbers, dimensions and features"
   ]
  },
  {
   "cell_type": "markdown",
   "metadata": {},
   "source": [
    "###### Sample prior"
   ]
  },
  {
   "cell_type": "code",
   "execution_count": 3,
   "metadata": {
    "collapsed": false,
    "scrolled": false
   },
   "outputs": [],
   "source": [
    "np.random.seed(1)\n",
    "def sampleIBP(alpha, N):\n",
    "    result = np.zeros((N, 1000))\n",
    "    t = np.random.poisson(alpha)\n",
    "    if t>0:\n",
    "        result[0,0:t] = np.ones(t)\n",
    "    Kplus = t\n",
    "    for i in range(1,N):\n",
    "        for j in range(Kplus):\n",
    "            p = np.sum(result[0:i,j])/(i+1)\n",
    "            if np.random.uniform(0,1) < p:\n",
    "                result[i,j] = 1\n",
    "        t = np.random.poisson(alpha/(i+1))\n",
    "        if t>0:\n",
    "            result[i,Kplus:Kplus+t] = np.ones(t)\n",
    "            Kplus = Kplus+t\n",
    "    result = result[:,0:Kplus]\n",
    "    return np.array((result, Kplus))\n"
   ]
  },
  {
   "cell_type": "code",
   "execution_count": 10,
   "metadata": {
    "collapsed": true,
    "scrolled": false
   },
   "outputs": [],
   "source": [
    "def calcInverse(Z,M,i,k,val):\n",
    "    #Z[i,k] = val\n",
    "    #M_i = M - M.dot(Z[i,:].T.dot(Z[i,:].dot(M)))/(Z[i,:].dot(M.dot(Z[i,:].T))-1)\n",
    "    M_i = M-np.dot(np.dot(np.dot(M,Zn[i,:].T),Zn[i,:]),M)/(np.dot(np.dot(Zn[i,:],M),Zn[i,:].T)-1)\n",
    "    #Z[i,k] = val\n",
    "    Zn[i,k] = val\n",
    "    #M = M_i - M_i.dot(Z[i,:].T.dot(Z[i,:].dot(M_i)))/(Z[i,:].dot(M_i.dot(Z[i,:].T))+1)\n",
    "    M = M_i-np.dot(np.dot(np.dot(M_i,Zn[i,:].T),Zn[i,:]),M_i)/(np.dot(np.dot(Zn[i,:],M_i),Zn[i,:].T)+1)\n",
    "    Inv = M\n",
    "    return Inv"
   ]
  },
  {
   "cell_type": "markdown",
   "metadata": {},
   "source": [
    "##### Likelihood function"
   ]
  },
  {
   "cell_type": "code",
   "execution_count": 5,
   "metadata": {
    "collapsed": true,
    "scrolled": false
   },
   "outputs": [],
   "source": [
    "# define a log likelihood function \n",
    "def ll_m(X, Z, sigmaX, sigmaA, K, D, N, M):\n",
    "    M1 = Z.T.dot(Z)+(sigmaX**2/sigmaA**2)*np.identity(K)\n",
    "    return (-1)*np.log(2*np.pi)*N*D*.5 - np.log(sigmaX)*(N-K)*D - np.log(sigmaA)*K*D - .5*D*np.log(np.linalg.det(M1)) \\\n",
    "        -.5/(sigmaX**2)*np.trace( (X.T.dot( np.identity(N)-Z.dot(M.dot(Z.T)) )).dot(X) )"
   ]
  },
  {
   "cell_type": "code",
   "execution_count": 7,
   "metadata": {
    "collapsed": false,
    "scrolled": false
   },
   "outputs": [],
   "source": [
    "HN = 0.\n",
    "for i in range(1,N+1):\n",
    "    HN += 1./i\n",
    "    \n",
    "#Kplus = 4 #current number of features with at least one object\n",
    "niter = 400\n",
    "sigmaX = 1.\n",
    "sigmaA = 1.\n",
    "alpha = 1.\n",
    "maxNew = 4\n",
    "BURN_IN=200"
   ]
  },
  {
   "cell_type": "code",
   "execution_count": 8,
   "metadata": {
    "collapsed": false,
    "scrolled": false
   },
   "outputs": [],
   "source": [
    "\n",
    "SAMPLE_SIZE=niter-BURN_IN\n",
    "\n",
    "K_inf=50\n",
    "\n",
    "chain_Z=np.zeros((SAMPLE_SIZE,N,K_inf))\n",
    "chain_K=np.zeros((SAMPLE_SIZE,1))\n",
    "chain_sigma_X=np.zeros((SAMPLE_SIZE,1))\n",
    "chain_sigma_A=np.zeros((SAMPLE_SIZE,1))\n",
    "chain_alpha=np.zeros((SAMPLE_SIZE,1))"
   ]
  },
  {
   "cell_type": "code",
   "execution_count": 11,
   "metadata": {
    "collapsed": false,
    "scrolled": false
   },
   "outputs": [
    {
     "name": "stdout",
     "output_type": "stream",
     "text": [
      "('iteration:', 0, 'Kplus:', 4, 'shape of Z', (100, 50), 'alpha:', 1.0, 'sigmaX', 1.0)\n",
      "calcinverse \n",
      "[[ 0.0146 -0.0109 -0.0073 -0.0122]\n",
      " [-0.0109  0.2618  0.0055  0.0091]\n",
      " [-0.0073  0.0055  0.2573  0.0061]\n",
      " [-0.0122  0.0091  0.0061  0.1792]]\n",
      "normal \n",
      "[[ 0.0146 -0.0109 -0.0073 -0.0122]\n",
      " [-0.0109  0.2582  0.0055  0.0091]\n",
      " [-0.0073  0.0055  0.2536  0.0061]\n",
      " [-0.0122  0.0091  0.0061  0.1768]]\n",
      "('iteration:', 1, 'Kplus:', 4, 'shape of Z', (100, 50), 'alpha:', 0.6348743285308224, 'sigmaX', 1.0)\n",
      "calcinverse \n",
      "[[ 0.0146 -0.0109 -0.0073 -0.0122]\n",
      " [-0.0109  0.2582  0.0055  0.0091]\n",
      " [-0.0073  0.0055  0.2536  0.0061]\n",
      " [-0.0122  0.0091  0.0061  0.1768]]\n",
      "normal \n",
      "[[ 0.0146 -0.0109 -0.0073 -0.0122]\n",
      " [-0.0109  0.2582  0.0055  0.0091]\n",
      " [-0.0073  0.0055  0.2536  0.0061]\n",
      " [-0.0122  0.0091  0.0061  0.1768]]\n",
      "('iteration:', 2, 'Kplus:', 4, 'shape of Z', (100, 50), 'alpha:', 0.8715855405289847, 'sigmaX', 1.0)\n",
      "calcinverse \n",
      "[[ 0.0145 -0.0106 -0.0071 -0.0119]\n",
      " [-0.0106  0.2554  0.0052  0.0087]\n",
      " [-0.0071  0.0052  0.251   0.0058]\n",
      " [-0.0119  0.0087  0.0058  0.1761]]\n",
      "normal \n",
      "[[ 0.0145 -0.0106 -0.0071 -0.0119]\n",
      " [-0.0106  0.2518  0.0052  0.0087]\n",
      " [-0.0071  0.0052  0.2475  0.0058]\n",
      " [-0.0119  0.0087  0.0058  0.1738]]\n",
      "('iteration:', 3, 'Kplus:', 4, 'shape of Z', (100, 50), 'alpha:', 0.8191514733168841, 'sigmaX', 0.9641560668184156)\n",
      "calcinverse \n",
      "[[ 0.0145 -0.0107 -0.0071 -0.012 ]\n",
      " [-0.0107  0.253   0.0052  0.0088]\n",
      " [-0.0071  0.0052  0.2487  0.0059]\n",
      " [-0.012   0.0088  0.0059  0.1743]]\n",
      "normal \n",
      "[[ 0.0145 -0.0107 -0.0071 -0.012 ]\n",
      " [-0.0107  0.253   0.0052  0.0088]\n",
      " [-0.0071  0.0052  0.2487  0.0059]\n",
      " [-0.012   0.0088  0.0059  0.1743]]\n",
      "('iteration:', 4, 'Kplus:', 4, 'shape of Z', (100, 50), 'alpha:', 1.2124891232875246, 'sigmaX', 0.9636886379200899)\n",
      "calcinverse \n",
      "[[ 0.0145 -0.0105 -0.007  -0.0118]\n",
      " [-0.0105  0.2492  0.0051  0.0086]\n",
      " [-0.007   0.0051  0.2449  0.0057]\n",
      " [-0.0118  0.0086  0.0057  0.1725]]\n",
      "normal \n",
      "[[ 0.0145 -0.0105 -0.007  -0.0118]\n",
      " [-0.0105  0.2492  0.0051  0.0086]\n",
      " [-0.007   0.0051  0.2449  0.0057]\n",
      " [-0.0118  0.0086  0.0057  0.1725]]\n",
      "('iteration:', 5, 'Kplus:', 4, 'shape of Z', (100, 50), 'alpha:', 0.5281422592224858, 'sigmaX', 0.9636886379200899)\n",
      "calcinverse \n",
      "[[ 0.0145 -0.0106 -0.0071 -0.0119]\n",
      " [-0.0106  0.2509  0.0052  0.0087]\n",
      " [-0.0071  0.0052  0.2466  0.0058]\n",
      " [-0.0119  0.0087  0.0058  0.1733]]\n",
      "normal \n",
      "[[ 0.0145 -0.0106 -0.0071 -0.0119]\n",
      " [-0.0106  0.2509  0.0052  0.0087]\n",
      " [-0.0071  0.0052  0.2466  0.0058]\n",
      " [-0.0119  0.0087  0.0058  0.1733]]\n",
      "('iteration:', 6, 'Kplus:', 4, 'shape of Z', (100, 50), 'alpha:', 0.439850839451474, 'sigmaX', 0.9636886379200899)\n",
      "calcinverse \n",
      "[[ 0.0145 -0.0104 -0.0069 -0.0117]\n",
      " [-0.0104  0.2464  0.005   0.0084]\n",
      " [-0.0069  0.005   0.2422  0.0056]\n",
      " [-0.0117  0.0084  0.0056  0.1711]]\n",
      "normal \n",
      "[[ 0.0145 -0.0104 -0.0069 -0.0117]\n",
      " [-0.0104  0.2464  0.005   0.0084]\n",
      " [-0.0069  0.005   0.2422  0.0056]\n",
      " [-0.0117  0.0084  0.0056  0.1711]]\n",
      "('iteration:', 7, 'Kplus:', 4, 'shape of Z', (100, 50), 'alpha:', 0.879045610620103, 'sigmaX', 0.9377378387164059)\n",
      "calcinverse \n",
      "[[ 0.0146 -0.0109 -0.0073 -0.0121]\n",
      " [-0.0109  0.2578  0.0055  0.0091]\n",
      " [-0.0073  0.0055  0.2533  0.0061]\n",
      " [-0.0121  0.0091  0.0061  0.1766]]\n",
      "normal \n",
      "[[ 0.0146 -0.0109 -0.0073 -0.0121]\n",
      " [-0.0109  0.2578  0.0055  0.0091]\n",
      " [-0.0073  0.0055  0.2533  0.0061]\n",
      " [-0.0121  0.0091  0.0061  0.1766]]\n",
      "('iteration:', 8, 'Kplus:', 4, 'shape of Z', (100, 50), 'alpha:', 0.7779644274625785, 'sigmaX', 0.9344692529642946)\n",
      "calcinverse \n",
      "[[ 0.0145 -0.0106 -0.0071 -0.0119]\n",
      " [-0.0106  0.2509  0.0052  0.0087]\n",
      " [-0.0071  0.0052  0.2466  0.0058]\n",
      " [-0.0119  0.0087  0.0058  0.1733]]\n",
      "normal \n",
      "[[ 0.0145 -0.0106 -0.0071 -0.0119]\n",
      " [-0.0106  0.2509  0.0052  0.0087]\n",
      " [-0.0071  0.0052  0.2466  0.0058]\n",
      " [-0.0119  0.0087  0.0058  0.1733]]\n",
      "('iteration:', 9, 'Kplus:', 4, 'shape of Z', (100, 50), 'alpha:', 0.6745917012783661, 'sigmaX', 0.9344692529642946)\n",
      "calcinverse \n",
      "[[ 0.0145 -0.0105 -0.007  -0.0118]\n",
      " [-0.0105  0.2516  0.005   0.0085]\n",
      " [-0.007   0.005   0.2474  0.0057]\n",
      " [-0.0118  0.0085  0.0057  0.1743]]\n",
      "normal \n",
      "[[ 0.0145 -0.0105 -0.007  -0.0118]\n",
      " [-0.0105  0.2481  0.005   0.0085]\n",
      " [-0.007   0.005   0.2439  0.0057]\n",
      " [-0.0118  0.0085  0.0057  0.172 ]]\n",
      "('iteration:', 10, 'Kplus:', 4, 'shape of Z', (100, 50), 'alpha:', 1.5368588471933526, 'sigmaX', 0.9344692529642946)\n",
      "calcinverse \n",
      "[[ 0.0145 -0.0103 -0.0069 -0.0117]\n",
      " [-0.0103  0.2452  0.0049  0.0083]\n",
      " [-0.0069  0.0049  0.2412  0.0056]\n",
      " [-0.0117  0.0083  0.0056  0.1706]]\n",
      "normal \n",
      "[[ 0.0145 -0.0103 -0.0069 -0.0117]\n",
      " [-0.0103  0.2452  0.0049  0.0083]\n",
      " [-0.0069  0.0049  0.2412  0.0056]\n",
      " [-0.0117  0.0083  0.0056  0.1706]]\n",
      "('iteration:', 11, 'Kplus:', 4, 'shape of Z', (100, 50), 'alpha:', 1.344633337088553, 'sigmaX', 0.9092432944792449)\n",
      "calcinverse \n",
      "[[ 0.0145 -0.0106 -0.007  -0.0119]\n",
      " [-0.0106  0.2503  0.0051  0.0086]\n",
      " [-0.007   0.0051  0.246   0.0058]\n",
      " [-0.0119  0.0086  0.0058  0.173 ]]\n",
      "normal \n",
      "[[ 0.0145 -0.0106 -0.007  -0.0119]\n",
      " [-0.0106  0.2503  0.0051  0.0086]\n",
      " [-0.007   0.0051  0.246   0.0058]\n",
      " [-0.0119  0.0086  0.0058  0.173 ]]\n",
      "('iteration:', 12, 'Kplus:', 4, 'shape of Z', (100, 50), 'alpha:', 0.7842185555579445, 'sigmaX', 0.8635038601421482)\n",
      "calcinverse \n",
      "[[ 0.0145 -0.0107 -0.0071 -0.012 ]\n",
      " [-0.0107  0.2535  0.0053  0.0088]\n",
      " [-0.0071  0.0053  0.2491  0.0059]\n",
      " [-0.012   0.0088  0.0059  0.1745]]\n",
      "normal \n",
      "[[ 0.0145 -0.0107 -0.0071 -0.012 ]\n",
      " [-0.0107  0.2535  0.0053  0.0088]\n",
      " [-0.0071  0.0053  0.2491  0.0059]\n",
      " [-0.012   0.0088  0.0059  0.1745]]\n",
      "('iteration:', 13, 'Kplus:', 4, 'shape of Z', (100, 50), 'alpha:', 0.9917837147304691, 'sigmaX', 0.8635038601421482)\n",
      "calcinverse \n",
      "[[ 0.0145 -0.0107 -0.0071 -0.012 ]\n",
      " [-0.0107  0.2535  0.0053  0.0088]\n",
      " [-0.0071  0.0053  0.2491  0.0059]\n",
      " [-0.012   0.0088  0.0059  0.1745]]\n",
      "normal \n",
      "[[ 0.0145 -0.0107 -0.0071 -0.012 ]\n",
      " [-0.0107  0.2535  0.0053  0.0088]\n",
      " [-0.0071  0.0053  0.2491  0.0059]\n",
      " [-0.012   0.0088  0.0059  0.1745]]\n",
      "('iteration:', 14, 'Kplus:', 4, 'shape of Z', (100, 50), 'alpha:', 0.517775949052799, 'sigmaX', 0.8635038601421482)\n",
      "calcinverse \n",
      "[[ 0.0145 -0.0107 -0.0071 -0.012 ]\n",
      " [-0.0107  0.2535  0.0053  0.0088]\n",
      " [-0.0071  0.0053  0.2491  0.0059]\n",
      " [-0.012   0.0088  0.0059  0.1745]]\n",
      "normal \n",
      "[[ 0.0145 -0.0107 -0.0071 -0.012 ]\n",
      " [-0.0107  0.2535  0.0053  0.0088]\n",
      " [-0.0071  0.0053  0.2491  0.0059]\n",
      " [-0.012   0.0088  0.0059  0.1745]]\n",
      "('iteration:', 15, 'Kplus:', 4, 'shape of Z', (100, 50), 'alpha:', 0.5329357699082461, 'sigmaX', 0.856377943253856)\n",
      "calcinverse \n",
      "[[ 0.0145 -0.0107 -0.0071 -0.012 ]\n",
      " [-0.0107  0.2537  0.0053  0.0088]\n",
      " [-0.0071  0.0053  0.2493  0.0059]\n",
      " [-0.012   0.0088  0.0059  0.1747]]\n",
      "normal \n",
      "[[ 0.0145 -0.0107 -0.0071 -0.012 ]\n",
      " [-0.0107  0.2537  0.0053  0.0088]\n",
      " [-0.0071  0.0053  0.2493  0.0059]\n",
      " [-0.012   0.0088  0.0059  0.1747]]\n",
      "('iteration:', 16, 'Kplus:', 4, 'shape of Z', (100, 50), 'alpha:', 0.5492581467500347, 'sigmaX', 0.814635240872266)\n",
      "calcinverse \n",
      "[[ 0.0146 -0.0113 -0.0075 -0.0124]\n",
      " [-0.0113  0.2658  0.0058  0.0096]\n",
      " [-0.0075  0.0058  0.261   0.0064]\n",
      " [-0.0124  0.0096  0.0064  0.1803]]\n",
      "normal \n",
      "[[ 0.0146 -0.0113 -0.0075 -0.0124]\n",
      " [-0.0113  0.2658  0.0058  0.0096]\n",
      " [-0.0075  0.0058  0.261   0.0064]\n",
      " [-0.0124  0.0096  0.0064  0.1803]]\n",
      "('iteration:', 17, 'Kplus:', 4, 'shape of Z', (100, 50), 'alpha:', 1.2930891321603946, 'sigmaX', 0.7930761531142475)\n",
      "calcinverse \n",
      "[[ 0.0146 -0.0112 -0.0075 -0.0124]\n",
      " [-0.0112  0.2675  0.0057  0.0095]\n",
      " [-0.0075  0.0057  0.2627  0.0063]\n",
      " [-0.0124  0.0095  0.0063  0.1819]]\n",
      "normal \n",
      "[[ 0.0146 -0.0112 -0.0075 -0.0124]\n",
      " [-0.0112  0.2637  0.0057  0.0095]\n",
      " [-0.0075  0.0057  0.259   0.0063]\n",
      " [-0.0124  0.0095  0.0063  0.1794]]\n",
      "('iteration:', 18, 'Kplus:', 4, 'shape of Z', (100, 50), 'alpha:', 1.0353788010297873, 'sigmaX', 0.7930761531142475)\n",
      "calcinverse \n",
      "[[ 0.0146 -0.0112 -0.0075 -0.0124]\n",
      " [-0.0112  0.2637  0.0057  0.0095]\n",
      " [-0.0075  0.0057  0.259   0.0063]\n",
      " [-0.0124  0.0095  0.0063  0.1794]]\n",
      "normal \n",
      "[[ 0.0146 -0.0112 -0.0075 -0.0124]\n",
      " [-0.0112  0.2637  0.0057  0.0095]\n",
      " [-0.0075  0.0057  0.259   0.0063]\n",
      " [-0.0124  0.0095  0.0063  0.1794]]\n",
      "('iteration:', 19, 'Kplus:', 4, 'shape of Z', (100, 50), 'alpha:', 0.5558489606822248, 'sigmaX', 0.7733213096697489)\n",
      "calcinverse \n",
      "[[ 0.0146 -0.011  -0.0073 -0.0122]\n",
      " [-0.011   0.2597  0.0055  0.0092]\n",
      " [-0.0073  0.0055  0.2551  0.0061]\n",
      " [-0.0122  0.0092  0.0061  0.1775]]\n",
      "normal \n",
      "[[ 0.0146 -0.011  -0.0073 -0.0122]\n",
      " [-0.011   0.2597  0.0055  0.0092]\n",
      " [-0.0073  0.0055  0.2551  0.0061]\n",
      " [-0.0122  0.0092  0.0061  0.1775]]\n",
      "('iteration:', 20, 'Kplus:', 4, 'shape of Z', (100, 50), 'alpha:', 0.8567406917737619, 'sigmaX', 0.7733213096697489)\n",
      "calcinverse \n",
      "[[ 0.0145 -0.0107 -0.0071 -0.0119]\n",
      " [-0.0107  0.2527  0.0052  0.0088]\n",
      " [-0.0071  0.0052  0.2483  0.0058]\n",
      " [-0.0119  0.0088  0.0058  0.1742]]\n",
      "normal \n",
      "[[ 0.0145 -0.0107 -0.0071 -0.0119]\n",
      " [-0.0107  0.2527  0.0052  0.0088]\n",
      " [-0.0071  0.0052  0.2483  0.0058]\n",
      " [-0.0119  0.0088  0.0058  0.1742]]\n",
      "('iteration:', 21, 'Kplus:', 4, 'shape of Z', (100, 50), 'alpha:', 0.39565250955101733, 'sigmaX', 0.7733213096697489)\n",
      "calcinverse \n",
      "[[ 0.0145 -0.0107 -0.0071 -0.0119]\n",
      " [-0.0107  0.2527  0.0052  0.0088]\n",
      " [-0.0071  0.0052  0.2483  0.0058]\n",
      " [-0.0119  0.0088  0.0058  0.1742]]\n",
      "normal \n",
      "[[ 0.0145 -0.0107 -0.0071 -0.0119]\n",
      " [-0.0107  0.2527  0.0052  0.0088]\n",
      " [-0.0071  0.0052  0.2483  0.0058]\n",
      " [-0.0119  0.0088  0.0058  0.1742]]\n",
      "('iteration:', 22, 'Kplus:', 4, 'shape of Z', (100, 50), 'alpha:', 0.9165007224581633, 'sigmaX', 0.7303094597985931)\n",
      "calcinverse \n",
      "[[ 0.0145 -0.0107 -0.0071 -0.012 ]\n",
      " [-0.0107  0.2533  0.0053  0.0088]\n",
      " [-0.0071  0.0053  0.249   0.0059]\n",
      " [-0.012   0.0088  0.0059  0.1745]]\n",
      "normal \n",
      "[[ 0.0145 -0.0107 -0.0071 -0.012 ]\n",
      " [-0.0107  0.2533  0.0053  0.0088]\n",
      " [-0.0071  0.0053  0.249   0.0059]\n",
      " [-0.012   0.0088  0.0059  0.1745]]\n",
      "('iteration:', 23, 'Kplus:', 4, 'shape of Z', (100, 50), 'alpha:', 1.0175099735845659, 'sigmaX', 0.6917933335320952)\n",
      "calcinverse \n",
      "[[ 0.0146 -0.0112 -0.0075 -0.0124]\n",
      " [-0.0112  0.2643  0.0057  0.0095]\n",
      " [-0.0075  0.0057  0.2595  0.0063]\n",
      " [-0.0124  0.0095  0.0063  0.1796]]\n",
      "normal \n",
      "[[ 0.0146 -0.0112 -0.0075 -0.0124]\n",
      " [-0.0112  0.2643  0.0057  0.0095]\n",
      " [-0.0075  0.0057  0.2595  0.0063]\n",
      " [-0.0124  0.0095  0.0063  0.1796]]\n",
      "('iteration:', 24, 'Kplus:', 4, 'shape of Z', (100, 50), 'alpha:', 0.5297285325741286, 'sigmaX', 0.6857549743166337)\n",
      "calcinverse \n",
      "[[ 0.0146 -0.0109 -0.0073 -0.0121]\n",
      " [-0.0109  0.2572  0.0054  0.0091]\n",
      " [-0.0073  0.0054  0.2527  0.006 ]\n",
      " [-0.0121  0.0091  0.006   0.1763]]\n",
      "normal \n",
      "[[ 0.0146 -0.0109 -0.0073 -0.0121]\n",
      " [-0.0109  0.2572  0.0054  0.0091]\n",
      " [-0.0073  0.0054  0.2527  0.006 ]\n",
      " [-0.0121  0.0091  0.006   0.1763]]\n",
      "('iteration:', 25, 'Kplus:', 4, 'shape of Z', (100, 50), 'alpha:', 0.6154630091958951, 'sigmaX', 0.6857549743166337)\n",
      "calcinverse \n",
      "[[ 0.0145 -0.0107 -0.0071 -0.012 ]\n",
      " [-0.0107  0.2537  0.0053  0.0088]\n",
      " [-0.0071  0.0053  0.2493  0.0059]\n",
      " [-0.012   0.0088  0.0059  0.1747]]\n",
      "normal \n",
      "[[ 0.0145 -0.0107 -0.0071 -0.012 ]\n",
      " [-0.0107  0.2537  0.0053  0.0088]\n",
      " [-0.0071  0.0053  0.2493  0.0059]\n",
      " [-0.012   0.0088  0.0059  0.1747]]\n",
      "('iteration:', 26, 'Kplus:', 4, 'shape of Z', (100, 50), 'alpha:', 0.6888857634497333, 'sigmaX', 0.6857549743166337)\n",
      "calcinverse \n",
      "[[ 0.0145 -0.0107 -0.0071 -0.012 ]\n",
      " [-0.0107  0.2537  0.0053  0.0088]\n",
      " [-0.0071  0.0053  0.2493  0.0059]\n",
      " [-0.012   0.0088  0.0059  0.1747]]\n",
      "normal \n",
      "[[ 0.0145 -0.0107 -0.0071 -0.012 ]\n",
      " [-0.0107  0.2537  0.0053  0.0088]\n",
      " [-0.0071  0.0053  0.2493  0.0059]\n",
      " [-0.012   0.0088  0.0059  0.1747]]\n",
      "('iteration:', 27, 'Kplus:', 4, 'shape of Z', (100, 50), 'alpha:', 0.4415546520426286, 'sigmaX', 0.6857549743166337)\n",
      "calcinverse \n",
      "[[ 0.0145 -0.0104 -0.007  -0.0118]\n",
      " [-0.0104  0.2475  0.005   0.0085]\n",
      " [-0.007   0.005   0.2433  0.0056]\n",
      " [-0.0118  0.0085  0.0056  0.1717]]\n",
      "normal \n",
      "[[ 0.0145 -0.0104 -0.007  -0.0118]\n",
      " [-0.0104  0.2475  0.005   0.0085]\n",
      " [-0.007   0.005   0.2433  0.0056]\n",
      " [-0.0118  0.0085  0.0056  0.1717]]\n",
      "('iteration:', 28, 'Kplus:', 4, 'shape of Z', (100, 50), 'alpha:', 0.6769520597402319, 'sigmaX', 0.6857549743166337)\n",
      "calcinverse \n",
      "[[ 0.0145 -0.0104 -0.007  -0.0118]\n",
      " [-0.0104  0.2475  0.005   0.0085]\n",
      " [-0.007   0.005   0.2433  0.0056]\n",
      " [-0.0118  0.0085  0.0056  0.1717]]\n",
      "normal \n",
      "[[ 0.0145 -0.0104 -0.007  -0.0118]\n",
      " [-0.0104  0.2475  0.005   0.0085]\n",
      " [-0.007   0.005   0.2433  0.0056]\n",
      " [-0.0118  0.0085  0.0056  0.1717]]\n",
      "('iteration:', 29, 'Kplus:', 4, 'shape of Z', (100, 50), 'alpha:', 0.579647925510491, 'sigmaX', 0.6857549743166337)\n",
      "calcinverse \n",
      "[[ 0.0145 -0.0104 -0.007  -0.0118]\n",
      " [-0.0104  0.2475  0.005   0.0085]\n",
      " [-0.007   0.005   0.2433  0.0056]\n",
      " [-0.0118  0.0085  0.0056  0.1717]]\n",
      "normal \n",
      "[[ 0.0145 -0.0104 -0.007  -0.0118]\n",
      " [-0.0104  0.2475  0.005   0.0085]\n",
      " [-0.007   0.005   0.2433  0.0056]\n",
      " [-0.0118  0.0085  0.0056  0.1717]]\n",
      "('iteration:', 30, 'Kplus:', 4, 'shape of Z', (100, 50), 'alpha:', 1.3506795371685874, 'sigmaX', 0.6857549743166337)\n",
      "calcinverse \n",
      "[[ 0.0144 -0.0102 -0.0068 -0.0115]\n",
      " [-0.0102  0.2415  0.0048  0.0081]\n",
      " [-0.0068  0.0048  0.2376  0.0054]\n",
      " [-0.0115  0.0081  0.0054  0.1688]]\n",
      "normal \n",
      "[[ 0.0144 -0.0102 -0.0068 -0.0115]\n",
      " [-0.0102  0.2415  0.0048  0.0081]\n",
      " [-0.0068  0.0048  0.2376  0.0054]\n",
      " [-0.0115  0.0081  0.0054  0.1688]]\n",
      "('iteration:', 31, 'Kplus:', 4, 'shape of Z', (100, 50), 'alpha:', 0.8654880399811373, 'sigmaX', 0.6857549743166337)\n",
      "calcinverse \n",
      "[[ 0.0144 -0.01   -0.0066 -0.0114]\n",
      " [-0.01    0.2375  0.0046  0.0079]\n",
      " [-0.0066  0.0046  0.2337  0.0052]\n",
      " [-0.0114  0.0079  0.0052  0.1668]]\n",
      "normal \n",
      "[[ 0.0144 -0.01   -0.0066 -0.0114]\n",
      " [-0.01    0.2375  0.0046  0.0079]\n",
      " [-0.0066  0.0046  0.2337  0.0052]\n",
      " [-0.0114  0.0079  0.0052  0.1668]]\n",
      "('iteration:', 32, 'Kplus:', 4, 'shape of Z', (100, 50), 'alpha:', 0.36522006602260754, 'sigmaX', 0.6857549743166337)\n",
      "calcinverse \n",
      "[[ 0.0144 -0.01   -0.0066 -0.0114]\n",
      " [-0.01    0.2375  0.0046  0.0079]\n",
      " [-0.0066  0.0046  0.2337  0.0052]\n",
      " [-0.0114  0.0079  0.0052  0.1668]]\n",
      "normal \n",
      "[[ 0.0144 -0.01   -0.0066 -0.0114]\n",
      " [-0.01    0.2375  0.0046  0.0079]\n",
      " [-0.0066  0.0046  0.2337  0.0052]\n",
      " [-0.0114  0.0079  0.0052  0.1668]]\n",
      "('iteration:', 33, 'Kplus:', 4, 'shape of Z', (100, 50), 'alpha:', 1.0136454316699919, 'sigmaX', 0.6857549743166337)\n",
      "calcinverse \n",
      "[[ 0.0144 -0.01   -0.0066 -0.0114]\n",
      " [-0.01    0.2375  0.0046  0.0079]\n",
      " [-0.0066  0.0046  0.2337  0.0052]\n",
      " [-0.0114  0.0079  0.0052  0.1668]]\n",
      "normal \n",
      "[[ 0.0144 -0.01   -0.0066 -0.0114]\n",
      " [-0.01    0.2375  0.0046  0.0079]\n",
      " [-0.0066  0.0046  0.2337  0.0052]\n",
      " [-0.0114  0.0079  0.0052  0.1668]]\n",
      "('iteration:', 34, 'Kplus:', 4, 'shape of Z', (100, 50), 'alpha:', 1.4561952342015199, 'sigmaX', 0.6857549743166337)\n",
      "calcinverse \n",
      "[[ 0.0143 -0.0094 -0.0063 -0.0109]\n",
      " [-0.0094  0.225   0.0041  0.0071]\n",
      " [-0.0063  0.0041  0.2215  0.0048]\n",
      " [-0.0109  0.0071  0.0048  0.1605]]\n",
      "normal \n",
      "[[ 0.0143 -0.0094 -0.0063 -0.0109]\n",
      " [-0.0094  0.225   0.0041  0.0071]\n",
      " [-0.0063  0.0041  0.2215  0.0048]\n",
      " [-0.0109  0.0071  0.0048  0.1605]]\n",
      "('iteration:', 35, 'Kplus:', 4, 'shape of Z', (100, 50), 'alpha:', 1.1359238652729287, 'sigmaX', 0.6857549743166337)\n",
      "calcinverse \n",
      "[[ 0.0143 -0.0092 -0.0061 -0.0107]\n",
      " [-0.0092  0.2199  0.0039  0.0069]\n",
      " [-0.0061  0.0039  0.2166  0.0046]\n",
      " [-0.0107  0.0069  0.0046  0.1579]]\n",
      "normal \n",
      "[[ 0.0143 -0.0092 -0.0061 -0.0107]\n",
      " [-0.0092  0.2199  0.0039  0.0069]\n",
      " [-0.0061  0.0039  0.2166  0.0046]\n",
      " [-0.0107  0.0069  0.0046  0.1579]]\n",
      "('iteration:', 36, 'Kplus:', 4, 'shape of Z', (100, 50), 'alpha:', 0.8120058494448932, 'sigmaX', 0.6857549743166337)\n",
      "calcinverse \n",
      "[[ 0.0142 -0.0089 -0.0059 -0.0104]\n",
      " [-0.0089  0.214   0.0037  0.0065]\n",
      " [-0.0059  0.0037  0.2109  0.0044]\n",
      " [-0.0104  0.0065  0.0044  0.1548]]\n",
      "normal \n",
      "[[ 0.0142 -0.0089 -0.0059 -0.0104]\n",
      " [-0.0089  0.214   0.0037  0.0065]\n",
      " [-0.0059  0.0037  0.2109  0.0044]\n",
      " [-0.0104  0.0065  0.0044  0.1548]]\n",
      "('iteration:', 37, 'Kplus:', 4, 'shape of Z', (100, 50), 'alpha:', 0.5802384474896671, 'sigmaX', 0.6782826343696906)\n",
      "calcinverse \n",
      "[[ 0.0142 -0.009  -0.006  -0.0105]\n",
      " [-0.009   0.2158  0.0038  0.0066]\n",
      " [-0.006   0.0038  0.2127  0.0044]\n",
      " [-0.0105  0.0066  0.0044  0.1558]]\n",
      "normal \n",
      "[[ 0.0142 -0.009  -0.006  -0.0105]\n",
      " [-0.009   0.2158  0.0038  0.0066]\n",
      " [-0.006   0.0038  0.2127  0.0044]\n",
      " [-0.0105  0.0066  0.0044  0.1558]]\n",
      "('iteration:', 38, 'Kplus:', 4, 'shape of Z', (100, 50), 'alpha:', 0.7653699834453149, 'sigmaX', 0.6782826343696906)\n",
      "calcinverse \n",
      "[[ 0.0142 -0.009  -0.006  -0.0105]\n",
      " [-0.009   0.2158  0.0038  0.0066]\n",
      " [-0.006   0.0038  0.2127  0.0044]\n",
      " [-0.0105  0.0066  0.0044  0.1558]]\n",
      "normal \n",
      "[[ 0.0142 -0.009  -0.006  -0.0105]\n",
      " [-0.009   0.2158  0.0038  0.0066]\n",
      " [-0.006   0.0038  0.2127  0.0044]\n",
      " [-0.0105  0.0066  0.0044  0.1558]]\n",
      "('iteration:', 39, 'Kplus:', 4, 'shape of Z', (100, 50), 'alpha:', 0.41465796362859675, 'sigmaX', 0.6845201993731496)\n",
      "calcinverse \n",
      "[[ 0.0142 -0.0089 -0.0059 -0.0105]\n",
      " [-0.0089  0.2143  0.0037  0.0065]\n",
      " [-0.0059  0.0037  0.2112  0.0044]\n",
      " [-0.0105  0.0065  0.0044  0.155 ]]\n",
      "normal \n",
      "[[ 0.0142 -0.0089 -0.0059 -0.0105]\n",
      " [-0.0089  0.2143  0.0037  0.0065]\n",
      " [-0.0059  0.0037  0.2112  0.0044]\n",
      " [-0.0105  0.0065  0.0044  0.155 ]]\n",
      "('iteration:', 40, 'Kplus:', 4, 'shape of Z', (100, 50), 'alpha:', 0.6403981000803551, 'sigmaX', 0.6845201993731496)\n",
      "calcinverse \n",
      "[[ 0.0142 -0.0089 -0.0059 -0.0105]\n",
      " [-0.0089  0.2143  0.0037  0.0065]\n",
      " [-0.0059  0.0037  0.2112  0.0044]\n",
      " [-0.0105  0.0065  0.0044  0.155 ]]\n",
      "normal \n",
      "[[ 0.0142 -0.0089 -0.0059 -0.0105]\n",
      " [-0.0089  0.2143  0.0037  0.0065]\n",
      " [-0.0059  0.0037  0.2112  0.0044]\n",
      " [-0.0105  0.0065  0.0044  0.155 ]]\n",
      "('iteration:', 41, 'Kplus:', 4, 'shape of Z', (100, 50), 'alpha:', 0.3768811059619641, 'sigmaX', 0.681468365317166)\n",
      "calcinverse \n",
      "[[ 0.0142 -0.0089 -0.006  -0.0105]\n",
      " [-0.0089  0.215   0.0037  0.0066]\n",
      " [-0.006   0.0037  0.2119  0.0044]\n",
      " [-0.0105  0.0066  0.0044  0.1553]]\n",
      "normal \n",
      "[[ 0.0142 -0.0089 -0.006  -0.0105]\n",
      " [-0.0089  0.215   0.0037  0.0066]\n",
      " [-0.006   0.0037  0.2119  0.0044]\n",
      " [-0.0105  0.0066  0.0044  0.1553]]\n",
      "('iteration:', 42, 'Kplus:', 4, 'shape of Z', (100, 50), 'alpha:', 0.2500389275795109, 'sigmaX', 0.681468365317166)\n",
      "calcinverse \n",
      "[[ 0.0142 -0.0089 -0.006  -0.0105]\n",
      " [-0.0089  0.215   0.0037  0.0066]\n",
      " [-0.006   0.0037  0.2119  0.0044]\n",
      " [-0.0105  0.0066  0.0044  0.1553]]\n",
      "normal \n",
      "[[ 0.0142 -0.0089 -0.006  -0.0105]\n",
      " [-0.0089  0.215   0.0037  0.0066]\n",
      " [-0.006   0.0037  0.2119  0.0044]\n",
      " [-0.0105  0.0066  0.0044  0.1553]]\n",
      "('iteration:', 43, 'Kplus:', 4, 'shape of Z', (100, 50), 'alpha:', 0.42627806868801665, 'sigmaX', 0.681468365317166)\n",
      "calcinverse \n",
      "[[ 0.0142 -0.0087 -0.0058 -0.0103]\n",
      " [-0.0087  0.2139  0.0036  0.0064]\n",
      " [-0.0058  0.0036  0.2109  0.0042]\n",
      " [-0.0103  0.0064  0.0042  0.1553]]\n",
      "normal \n",
      "[[ 0.0142 -0.0087 -0.0058 -0.0103]\n",
      " [-0.0087  0.211   0.0036  0.0064]\n",
      " [-0.0058  0.0036  0.208   0.0042]\n",
      " [-0.0103  0.0064  0.0042  0.1532]]\n",
      "('iteration:', 44, 'Kplus:', 4, 'shape of Z', (100, 50), 'alpha:', 0.9270686400207607, 'sigmaX', 0.681468365317166)\n",
      "calcinverse \n",
      "[[ 0.0142 -0.0088 -0.0058 -0.0103]\n",
      " [-0.0088  0.2115  0.0036  0.0064]\n",
      " [-0.0058  0.0036  0.2085  0.0043]\n",
      " [-0.0103  0.0064  0.0043  0.1535]]\n",
      "normal \n",
      "[[ 0.0142 -0.0088 -0.0058 -0.0103]\n",
      " [-0.0088  0.2115  0.0036  0.0064]\n",
      " [-0.0058  0.0036  0.2085  0.0043]\n",
      " [-0.0103  0.0064  0.0043  0.1535]]\n",
      "('iteration:', 45, 'Kplus:', 4, 'shape of Z', (100, 50), 'alpha:', 0.42547774705483354, 'sigmaX', 0.681468365317166)\n",
      "calcinverse \n",
      "[[ 0.0142 -0.0089 -0.0059 -0.0104]\n",
      " [-0.0089  0.214   0.0037  0.0065]\n",
      " [-0.0059  0.0037  0.2109  0.0044]\n",
      " [-0.0104  0.0065  0.0044  0.1548]]\n",
      "normal \n",
      "[[ 0.0142 -0.0089 -0.0059 -0.0104]\n",
      " [-0.0089  0.214   0.0037  0.0065]\n",
      " [-0.0059  0.0037  0.2109  0.0044]\n",
      " [-0.0104  0.0065  0.0044  0.1548]]\n",
      "('iteration:', 46, 'Kplus:', 4, 'shape of Z', (100, 50), 'alpha:', 0.6275714415861176, 'sigmaX', 0.681468365317166)\n",
      "calcinverse \n",
      "[[ 0.0142 -0.0087 -0.0058 -0.0103]\n",
      " [-0.0087  0.2096  0.0035  0.0063]\n",
      " [-0.0058  0.0035  0.2066  0.0042]\n",
      " [-0.0103  0.0063  0.0042  0.1525]]\n",
      "normal \n",
      "[[ 0.0142 -0.0087 -0.0058 -0.0103]\n",
      " [-0.0087  0.2096  0.0035  0.0063]\n",
      " [-0.0058  0.0035  0.2066  0.0042]\n",
      " [-0.0103  0.0063  0.0042  0.1525]]\n",
      "('iteration:', 47, 'Kplus:', 4, 'shape of Z', (100, 50), 'alpha:', 0.731245991404522, 'sigmaX', 0.681468365317166)\n",
      "calcinverse \n",
      "[[ 0.0142 -0.0088 -0.0059 -0.0104]\n",
      " [-0.0088  0.212   0.0036  0.0064]\n",
      " [-0.0059  0.0036  0.2089  0.0043]\n",
      " [-0.0104  0.0064  0.0043  0.1537]]\n",
      "normal \n",
      "[[ 0.0142 -0.0088 -0.0059 -0.0104]\n",
      " [-0.0088  0.212   0.0036  0.0064]\n",
      " [-0.0059  0.0036  0.2089  0.0043]\n",
      " [-0.0104  0.0064  0.0043  0.1537]]\n",
      "('iteration:', 48, 'Kplus:', 4, 'shape of Z', (100, 50), 'alpha:', 0.5758922827182141, 'sigmaX', 0.681468365317166)\n",
      "calcinverse \n",
      "[[ 0.0141 -0.0085 -0.0057 -0.0101]\n",
      " [-0.0085  0.2052  0.0034  0.0061]\n",
      " [-0.0057  0.0034  0.2024  0.004 ]\n",
      " [-0.0101  0.0061  0.004   0.1501]]\n",
      "normal \n",
      "[[ 0.0141 -0.0085 -0.0057 -0.0101]\n",
      " [-0.0085  0.2052  0.0034  0.0061]\n",
      " [-0.0057  0.0034  0.2024  0.004 ]\n",
      " [-0.0101  0.0061  0.004   0.1501]]\n",
      "('iteration:', 49, 'Kplus:', 4, 'shape of Z', (100, 50), 'alpha:', 0.8288179464903747, 'sigmaX', 0.681468365317166)\n",
      "calcinverse \n",
      "[[ 0.0141 -0.0085 -0.0057 -0.0101]\n",
      " [-0.0085  0.2052  0.0034  0.0061]\n",
      " [-0.0057  0.0034  0.2024  0.004 ]\n",
      " [-0.0101  0.0061  0.004   0.1501]]\n",
      "normal \n",
      "[[ 0.0141 -0.0085 -0.0057 -0.0101]\n",
      " [-0.0085  0.2052  0.0034  0.0061]\n",
      " [-0.0057  0.0034  0.2024  0.004 ]\n",
      " [-0.0101  0.0061  0.004   0.1501]]\n",
      "('iteration:', 50, 'Kplus:', 4, 'shape of Z', (100, 50), 'alpha:', 0.7106717040912018, 'sigmaX', 0.681468365317166)\n",
      "calcinverse \n",
      "[[ 0.0141 -0.0085 -0.0057 -0.0101]\n",
      " [-0.0085  0.2052  0.0034  0.0061]\n",
      " [-0.0057  0.0034  0.2024  0.004 ]\n",
      " [-0.0101  0.0061  0.004   0.1501]]\n",
      "normal \n",
      "[[ 0.0141 -0.0085 -0.0057 -0.0101]\n",
      " [-0.0085  0.2052  0.0034  0.0061]\n",
      " [-0.0057  0.0034  0.2024  0.004 ]\n",
      " [-0.0101  0.0061  0.004   0.1501]]\n",
      "('iteration:', 51, 'Kplus:', 4, 'shape of Z', (100, 50), 'alpha:', 1.1333726400736717, 'sigmaX', 0.681468365317166)\n",
      "calcinverse \n",
      "[[ 0.0141 -0.0086 -0.0057 -0.0102]\n",
      " [-0.0086  0.2077  0.0035  0.0062]\n",
      " [-0.0057  0.0035  0.2048  0.0041]\n",
      " [-0.0102  0.0062  0.0041  0.1514]]\n",
      "normal \n",
      "[[ 0.0141 -0.0086 -0.0057 -0.0102]\n",
      " [-0.0086  0.2077  0.0035  0.0062]\n",
      " [-0.0057  0.0035  0.2048  0.0041]\n",
      " [-0.0102  0.0062  0.0041  0.1514]]\n",
      "('iteration:', 52, 'Kplus:', 4, 'shape of Z', (100, 50), 'alpha:', 0.8384545862964983, 'sigmaX', 0.681468365317166)\n",
      "calcinverse \n",
      "[[ 0.0141 -0.0086 -0.0057 -0.0102]\n",
      " [-0.0086  0.2077  0.0035  0.0062]\n",
      " [-0.0057  0.0035  0.2048  0.0041]\n",
      " [-0.0102  0.0062  0.0041  0.1514]]\n",
      "normal \n",
      "[[ 0.0141 -0.0086 -0.0057 -0.0102]\n",
      " [-0.0086  0.2077  0.0035  0.0062]\n",
      " [-0.0057  0.0035  0.2048  0.0041]\n",
      " [-0.0102  0.0062  0.0041  0.1514]]\n",
      "('iteration:', 53, 'Kplus:', 4, 'shape of Z', (100, 50), 'alpha:', 0.28282621376609135, 'sigmaX', 0.681468365317166)\n",
      "calcinverse \n",
      "[[ 0.0141 -0.0086 -0.0057 -0.0102]\n",
      " [-0.0086  0.2077  0.0035  0.0062]\n",
      " [-0.0057  0.0035  0.2048  0.0041]\n",
      " [-0.0102  0.0062  0.0041  0.1514]]\n",
      "normal \n",
      "[[ 0.0141 -0.0086 -0.0057 -0.0102]\n",
      " [-0.0086  0.2077  0.0035  0.0062]\n",
      " [-0.0057  0.0035  0.2048  0.0041]\n",
      " [-0.0102  0.0062  0.0041  0.1514]]\n",
      "('iteration:', 54, 'Kplus:', 4, 'shape of Z', (100, 50), 'alpha:', 1.4027769751036063, 'sigmaX', 0.6793946113383411)\n",
      "calcinverse \n",
      "[[ 0.014  -0.008  -0.0054 -0.0097]\n",
      " [-0.008   0.1957  0.0031  0.0056]\n",
      " [-0.0054  0.0031  0.1931  0.0037]\n",
      " [-0.0097  0.0056  0.0037  0.1449]]\n",
      "normal \n",
      "[[ 0.014  -0.008  -0.0054 -0.0097]\n",
      " [-0.008   0.1957  0.0031  0.0056]\n",
      " [-0.0054  0.0031  0.1931  0.0037]\n",
      " [-0.0097  0.0056  0.0037  0.1449]]\n",
      "('iteration:', 55, 'Kplus:', 4, 'shape of Z', (100, 50), 'alpha:', 0.627123820301722, 'sigmaX', 0.6626114212801086)\n",
      "calcinverse \n",
      "[[ 0.0141 -0.0082 -0.0055 -0.0099]\n",
      " [-0.0082  0.2     0.0032  0.0058]\n",
      " [-0.0055  0.0032  0.1973  0.0039]\n",
      " [-0.0099  0.0058  0.0039  0.1473]]\n",
      "normal \n",
      "[[ 0.0141 -0.0082 -0.0055 -0.0099]\n",
      " [-0.0082  0.2     0.0032  0.0058]\n",
      " [-0.0055  0.0032  0.1973  0.0039]\n",
      " [-0.0099  0.0058  0.0039  0.1473]]\n",
      "('iteration:', 56, 'Kplus:', 4, 'shape of Z', (100, 50), 'alpha:', 1.18928144397542, 'sigmaX', 0.6626114212801086)\n",
      "calcinverse \n",
      "[[ 0.0141 -0.0082 -0.0055 -0.0099]\n",
      " [-0.0082  0.2     0.0032  0.0058]\n",
      " [-0.0055  0.0032  0.1973  0.0039]\n",
      " [-0.0099  0.0058  0.0039  0.1473]]\n",
      "normal \n",
      "[[ 0.0141 -0.0082 -0.0055 -0.0099]\n",
      " [-0.0082  0.2     0.0032  0.0058]\n",
      " [-0.0055  0.0032  0.1973  0.0039]\n",
      " [-0.0099  0.0058  0.0039  0.1473]]\n",
      "('iteration:', 57, 'Kplus:', 4, 'shape of Z', (100, 50), 'alpha:', 0.6771392965974422, 'sigmaX', 0.7046825291199008)\n",
      "calcinverse \n",
      "[[ 0.014  -0.0078 -0.0052 -0.0094]\n",
      " [-0.0078  0.1894  0.0029  0.0052]\n",
      " [-0.0052  0.0029  0.187   0.0035]\n",
      " [-0.0094  0.0052  0.0035  0.1415]]\n",
      "normal \n",
      "[[ 0.014  -0.0078 -0.0052 -0.0094]\n",
      " [-0.0078  0.1894  0.0029  0.0052]\n",
      " [-0.0052  0.0029  0.187   0.0035]\n",
      " [-0.0094  0.0052  0.0035  0.1415]]\n",
      "('iteration:', 58, 'Kplus:', 4, 'shape of Z', (100, 50), 'alpha:', 1.0787358865111305, 'sigmaX', 0.6597899932365168)\n",
      "calcinverse \n",
      "[[ 0.0139 -0.0074 -0.0049 -0.0091]\n",
      " [-0.0074  0.1819  0.0026  0.0049]\n",
      " [-0.0049  0.0026  0.1797  0.0032]\n",
      " [-0.0091  0.0049  0.0032  0.1372]]\n",
      "normal \n",
      "[[ 0.0139 -0.0074 -0.0049 -0.0091]\n",
      " [-0.0074  0.1819  0.0026  0.0049]\n",
      " [-0.0049  0.0026  0.1797  0.0032]\n",
      " [-0.0091  0.0049  0.0032  0.1372]]\n",
      "('iteration:', 59, 'Kplus:', 4, 'shape of Z', (100, 50), 'alpha:', 1.449014158622031, 'sigmaX', 0.6624956762527168)\n",
      "calcinverse \n",
      "[[ 0.0139 -0.0074 -0.0049 -0.0091]\n",
      " [-0.0074  0.1812  0.0026  0.0048]\n",
      " [-0.0049  0.0026  0.179   0.0032]\n",
      " [-0.0091  0.0048  0.0032  0.1368]]\n",
      "normal \n",
      "[[ 0.0139 -0.0074 -0.0049 -0.0091]\n",
      " [-0.0074  0.1812  0.0026  0.0048]\n",
      " [-0.0049  0.0026  0.179   0.0032]\n",
      " [-0.0091  0.0048  0.0032  0.1368]]\n",
      "('iteration:', 60, 'Kplus:', 4, 'shape of Z', (100, 50), 'alpha:', 2.020296228338037, 'sigmaX', 0.6624956762527168)\n",
      "calcinverse \n",
      "[[ 0.0137 -0.0065 -0.0044 -0.0083]\n",
      " [-0.0065  0.1626  0.0021  0.004 ]\n",
      " [-0.0044  0.0021  0.1608  0.0026]\n",
      " [-0.0083  0.004   0.0026  0.1259]]\n",
      "normal \n",
      "[[ 0.0137 -0.0065 -0.0044 -0.0083]\n",
      " [-0.0065  0.1626  0.0021  0.004 ]\n",
      " [-0.0044  0.0021  0.1608  0.0026]\n",
      " [-0.0083  0.004   0.0026  0.1259]]\n",
      "('iteration:', 61, 'Kplus:', 4, 'shape of Z', (100, 50), 'alpha:', 0.6419352233193415, 'sigmaX', 0.6624956762527168)\n",
      "calcinverse \n",
      "[[ 0.0136 -0.0063 -0.0042 -0.008 ]\n",
      " [-0.0063  0.1571  0.0019  0.0037]\n",
      " [-0.0042  0.0019  0.1555  0.0025]\n",
      " [-0.008   0.0037  0.0025  0.1226]]\n",
      "normal \n",
      "[[ 0.0136 -0.0063 -0.0042 -0.008 ]\n",
      " [-0.0063  0.1571  0.0019  0.0037]\n",
      " [-0.0042  0.0019  0.1555  0.0025]\n",
      " [-0.008   0.0037  0.0025  0.1226]]\n",
      "('iteration:', 62, 'Kplus:', 4, 'shape of Z', (100, 50), 'alpha:', 0.5667523997058441, 'sigmaX', 0.6926048589473524)\n",
      "calcinverse \n",
      "[[ 0.0133 -0.0053 -0.0035 -0.007 ]\n",
      " [-0.0053  0.1348  0.0014  0.0028]\n",
      " [-0.0035  0.0014  0.1336  0.0018]\n",
      " [-0.007   0.0028  0.0018  0.1085]]\n",
      "normal \n",
      "[[ 0.0133 -0.0053 -0.0035 -0.007 ]\n",
      " [-0.0053  0.1348  0.0014  0.0028]\n",
      " [-0.0035  0.0014  0.1336  0.0018]\n",
      " [-0.007   0.0028  0.0018  0.1085]]\n",
      "('iteration:', 63, 'Kplus:', 4, 'shape of Z', (100, 50), 'alpha:', 0.8094813476901136, 'sigmaX', 0.6549585631983552)\n",
      "calcinverse \n",
